17064
19686
48554
50661
51700
55492
56272
56774
60361
60761
61067
67143
70636
72387
73091
82201
99228
11745
13573
13665
17384
17760
24329
24884
25279
30221
33619
34863
37148
56684
56770
56956
60488
60619
10180
10483
49785
56775
57352
57571
59314
6560
77172
77406
77738
77914
77958
78047
78472
80514
80716
38956
42713
43199
43490
61112
61879
62048
62372
64021
64389
65071
67416
80125
80543
80851
81228
27691
28647
32636
34577
35067
35630
36750
39048
40396
41015
41542
51327
61609
64768
65865
73023
19562
22341
26017
26221
26599
38919
39002
40135
40342
45338
46361
34916
35678
38065
46879
49259
51507
53522
54125
54269
54605
54891
10157
11740
13685
13912
14272
17876
18008
19181
45763
47029
47639
47919
65925
7160
9438
9889
41127
41829
43197
63971
66351
66780
67539
68788
3081
8160
25041
25513
11072
19019
22534
34422
52656
27948
28555
30555
53959
54445
54517
55825
56176
59678
60165
16523
18600
23633
24675
2726
27397
8213
843
1044
139
1486
2503
54540
5536
55791
55927
5657
57314
57705
72
794
9057
29829
31004
31267
31519
41210
41642
41957
49885
50487
52813
53422
51105
54664
55838
56062
56546
2877
41556
56174
26030
26962
30535
30774
34851
35432
52400
52915
53458
17823
26431
53504
54578
55138
55624
7261
8105
47992
48365
43413
43767
44152
10136
10323
10439
12612
13820
14550
18320
19188
2510
3240
40070
8283
9340
22179
22319
34502
35828
36005
36310
36637
48071
50686
50881
53153
53556
53910
54499
54660
13202
24217
25391
28328
32400
4895
6198
10428
2166
21997
22971
2664
26681
27180
28389
28438
30553
3124
31308
32119
37869
39925
41738
49551
9876
20506
21021
21772
23701
24111
24806
31414
32790
3400
35873
36968
37057
41139
41567
43397
42079
2540
3393
579
95
11624
13749
21674
2280
24116
24854
25335
2544
36448
38257
42999
44758
46810
7420
7748
8134
9222
9377
9600
11057
12196
22864
26653
27866
28455
29969
32488
14142
14393
16043
25429
2639
38796
39904
8133
8389
9910
16452
19555
20488
20893
22217
23489
23885
25433
25906
34956
13972
15780
27007
27528
27846
28068
28325
35476
39098
4524
5005
13683
15585
16125
18997
19792
20627
33088
35834
36113
43433
16747
3488
3595
4151
4686
5039
5616
5884
6410
14265
17010
20280
20572
7206
8499
21731
22157
30443
7069
12172
13012
13241
13588
13999
19770
25860
27323
25536
18905
19810
22808
22921
23036
23149
25775
26315
32311
32564
32915
22780
24750
25193
29167
35391
36061
9672
9880
1038
5476
6819
37999
38306
38986
39242
39578
41522
42555
4583
9018
14267
31668
39072
40254
11299
17641
17818
18253
37897
5166
6042
7081
7851
11264
11827
23756
24215
24932
26569
7463
9254
128
11740
16113
6007
6766
8735
25086
5288
5371
5754
5953
6110
6391
9446
15285
17227
17543
19234
20183
20358
20582
20732
21303
22481
24299
26142
26387
26549
30858
31087
27356
30295
343
5974
5596
6161
6344
7749
13893
16430
16978
21706
22031
28798
35252
35709
36109
36477
36904
37171
37430
37644
10933
12836
13171
36190
5229
5763
5841
6230
12425
25284
12120
12775
17963
18728
18986
19329
19650
19880
20519
20693
20820
21132
24057
24412
24698
10000
12838
30976
31609
31913
20152
21188
28204
29215
29300
30858
31432
35034
7099
7365
7475
7627
21629
25423
28966
24771
772
484
7667
28684
20634
29403
29601
6547
12769
20032
25724
27229
5388
5577
6007
25808
26402
28566
28897
29062
29758
29905
3832
4793
5068
5224
5528
7174
18935
13748
14183
14487
14710
15357
15806
15845
27292
14958
15260
15470
16057
16413
21116
21962
22499
26246
26399
26784
27309
14847
19430
22747
24468
25820
26343
13207
15470
15586
18420
20065
20398
22189
23119
23831
25424
26087
27550
29511
29781
30123
31244
31290
34078
34311
11762
33895
34440
10906
5997
16301
11105
12478
19030
19762
4739
9427
10302
11103
24316
31501
32415
13673
13993
16980
18488
22946
25201
28155
28608
29434
29610
11581
21961
23400
3026
3267
3378
3904
4476
4566
5662
14748
15459
15777
18487
25842
29436
29471
29892
30257
1911
28034
28560
29084
31164
31590
6172
24049
28535
8244
15547
10076
12164
12367
14026
14094
14834
15048
15854
878
17560
4096
1061
1531
5122
720
7869
7956
8300
8622
14278
14694
14978
8780
9252
20341
21456
21901
22031
27307
27378
30505
30844
31122
31378
12
13753
6917
7688
7929
22548
22738
23211
24165
25263
25473
26017
2817
28538
29667
6184
9649
9909
21818
21950
22988
10682
11002
12853
13680
13809
14555
27203
27500
28073
30543
7036
7396
9521
11294
12142
15144
15874
10212
15316
15505
16646
21209
21958
22469
24647
7538
7830
28298
26342
28743
14556
17374
17578
17732
17972
19450
21515
23017
25533
6411
7955
15621
15993
16252
20310
20519
21998
22216
24126
10011
16460
19866
21260
21397
21512
22170
22405
26978
27435
28534
29315
4287
5116
16485
7186
7543
8534
25080
27195
13663
27783
7251
4505
5956
10059
10328
10912
26813
286
487
9824
23590
261
2641
26508
28290
28929
36
547
600
6230
10761
12944
4133
4315
4425
4642
4836
1821
19247
19805
25955
27030
15725
15871
16368
23473
26635
26857
28658
3783
6510
13186
13375
6135
6865
7614
2850
10353
12032
14956
15030
15353
15955
24629
24730
25038
25662
5124
16758
17814
18085
18316
18552
19828
22418
1408
1991
3857
20828
11696
12115
12480
12744
13172
4631
6238
6664
6788
6894
7611
833
8377
9295
17891
19813
20252
20704
21265
16251
24382
25826
4716
4776
5117
9008
12008
2040
8648
11041
1334
14341
14393
17853
18075
18646
19152
21246
23977
24504
25267
25722
8510
20963
21334
21954
23369
23447
23498
24912
25556
3404
20316
22289
17898
1842
21084
24136
26020
26679
10999
11069
5389
7463
7563
7668
1609
2663
3997
11518
12922
1617
3883
1578
2524
2616
2768
14198
14788
22206
22790
3266
3466
3782
1003
1398
1632
1703
23170
23251
23956
24245
24617
26619
352
3983
4151
4819
62
885
18085
1722
595
67
110
2530
2857
516
24106
18452
18707
19776
23105
16985
19364
959
21629
9580
10699
20894
21855
22282
6941
7715
13781
20341
19864
7100
25943
26632
27161
4227
10419
11075
17544
19997
20183
9640
24447
10102
10759
11022
11274
9098
9564
2248
615
6558
6866
738
8043
8090
9960
15465
16724
17338
17441
10310
13886
14525
1461
15531
1746
7702
8916
9392
10333
17385
19175
23718
17660
12602
12928
15400
21616
984
8093
3518
4863
1179
14149
22237
22619
22787
23160
23372
23530
24104
2765
3182
3642
7611
11582
12609
13058
13159
13335
13805
18325
21079
21191
22271
6432
11558
16108
13066
17920
7923
10846
11148
11850
12142
14404
14521
14964
14394
20314
20590
21411
3193
4563
4596
4688
4780
4872
5365
8882
10384
11448
12214
12404
12516
14103
15575
18596
19266
1585
1660
2295
14101
11619
14622
15771
15855
16667
19866
19810
19908
19971
20172
4663
5000
5444
5733
6368
11143
20417
21438
17985
18544
19256
20320
7428
7862
8323
11015
1904
7907
15165
16585
13285
13584
14871
3668
4096
8612
17877
18362
17810
9837
2718
10090
10458
20280
20798
20960
22035
9776
16248
16941
18528
20588
12036
12818
12464
12963
18334
18457
20811
8402
12741
17
18521
18881
19076
20022
2860
4225
4935
10507
13629
16003
18618
9805
18264
118
13
4134
4404
1924
3562
5307
7475
14844
16091
16360
5206
7025
7132
8656
1543
16688
16971
17724
18185
18261
773
10132
10244
1057
12140
14439
14715
4521
5056
5331
5611
888
9200
11670
13081
13580
916
10022
8764
9213
1862
17384
8024
8617
1027
11002
11480
2056
2423
10976
11076
12828
17624
15151
11877
8734
8617
9006
9318
2108
15479
15569
5136
10553
1099
14489
16422
17068
17240
17807
19045
1950
2386
501
3804
4727
7230
8439
5598
6007
15066
1024
11050
11281
11723
12500
1280
12818
13207
15502
1580
17637
18258
18648
19160
285
4607
1139
681
17094
17983
17326
4584
10120
3514
603
9620
4499
4609
4856
5052
5548
7855
10471
3294
7109
10294
10935
11823
12636
13036
3627
6301
6500
8940
9113
8280
1152
2510
2989
3235
640
12524
17381
18119
24
5447
8292
8515
15383
3620
6689
7258
7700
740
5480
6123
11626
7209
9372
9613
9698
10514
11683
11991
12108
14252
9965
15617
658
10315
10489
13475
15423
15814
9716
6341
12087
2044
14613
14183
14394
10717
4284
4586
4855
5241
5549
5854
6869
834
6883
473
4495
4979
6295
15493
229
6277
628
764
10315
10530
4370
5121
9494
9788
2690
3280
13635
6253
6851
629
5083
5226
643
11224
4024
8328
5301
6427
8329
12568
15883
3175
5960
9160
7941
11763
14803
15255
16497
10031
3684
10913
11752
12590
13322
13608
10686
11687
7380
7958
9410
9510
10655
11220
12072
12670
15606
16307
10786
11240
11702
13230
15438
15966
16295
16630
16819
17068
2276
5214
6919
739
8257
10996
1150
1630
2028
2299
2386
3759
3993
4383
4594
5094
53
5432
603
12285
2264
2678
2833
352
14178
5852
9362
9813
10934
24
7280
9208
337
609
12984
7892
6101
12103
14165
14438
15296
15819
16119
2897
10112
10297
6428
8892
1136
1468
1722
5132
5598
5862
6336
6630
6958
1610
3905
12914
13022
13529
1128
1370
3151
3576
362
4029
4268
5084
5287
846
102
1420
663
14682
14941
15205
5272
10497
11300
12658
9036
3579
953
13985
14144
14237
14579
8869
9440
1544
1740
706
2626
3117
3296
12104
10436
13433
7028
223
10074
10183
10708
11511
13015
8910
11165
11497
11574
11664
2254
3026
3972
9551
10449
11454
11773
12125
12668
13278
5697
6463
6817
7287
8915
9136
9364
9688
1389
797
3890
4442
10897
4935
9749
2724
4916
5082
665
11
89
7823
13477
13553
1661
6969
7317
9421
10601
13845
14315
4107
8146
9522
9988
13682
1168
1434
10818
13712
6251
63
6677
6919
7387
8232
8701
4499
5543
6299
10680
5130
5626
5975
6216
6369
9116
9529
2479
2159
2749
1219
909
654
8886
5914
6254
7737
10474
5612
5783
6051
6582
6869
7226
9236
121
7400
9330
9492
2709
2863
4926
8131
10962
12282
2529
2751
6670
6878
1167
11498
2606
7594
7807
8113
8301
9100
9370
9567
638
10895
9556
4947
2423
3390
1122
1700
2248
2662
5403
5840
6130
6874
7177
6514
6972
7218
7813
9088
9166
1610
4634
5034
6285
155
3114
5510
10173
5986
8219
9451
7879
197
713
8650
1000
2078
2563
2655
4806
5222
7379
10267
10576
11161
11422
5240
11627
9884
525
10494
1048
10829
11282
11595
11862
12307
1543
10381
11035
11202
11628
11809
11896
2645
4498
5094
5554
9907
2978
5414
6057
7515
10267
10885
6259
7783
7861
3956
8684
2303
2384
2421
2697
4438
4830
5257
6727
252
9463
6135
7261
2401
1157
1431
2086
2132
2486
389
494
1184
3762
1750
1924
2177
2448
1208
1627
10505
10918
649
6611
8884
9170
9609
1314
215
2838
3997
718
10793
12035
4081
6381
6938
7104
7280
7715
8256
8487
878
9622
7726
15194
15768
3890
5319
8129
1040
1542
10379
7516
9212
10970
154
1596
1654
1983
2429
490
4990
6264
8822
5134
6921
8313
9300
9690
2273
3877
2471
2698
2977
3205
3369
3934
7070
7117
7369
7632
8319
1281
638
352
9888
257
6900
6958
7386
7455
7716
1335
141
192
2127
2759
3361
4444
5256
593
145
371
3473
5346
8012
8112
2732
3101
4515
860
4508
755
230
2399
638
775
3160
4068
424
5930
6334
10014
10213
10499
11017
1682
3667
5068
5220
5380
5561
9811
130
590
7027
5216
10076
9455
3966
7235
8699
8919
9119
2596
3779
4041
4480
5129
5251
5508
5602
5656
6348
10140
1121
173
4757
7872
9771
1076
807
6663
6754
6998
4241
4349
8038
2811
256
3554
4035
5422
11
1439
2706
2926
6688
2760
7928
9654
8531
8637
8952
8623
9181
9322
2544
2850
717
2922
1623
1954
927
1271
1650
128
325
738
1683
4239
6741
7089
1126
2042
1346
6480
1327
7542
2294
4693
729
8760
9083
3197
4199
4951
63
686
114
2627
322
687
4555
748
1413
1715
4550
1880
2789
1222
4027
7382
7759
8202
8495
4635
6216
6899
7141
7541
8520
8907
9057
1769
1869
2384
3809
40
4201
4841
5454
7019
168
2752
3196
3304
3397
3508
4096
6906
7676
7929
8549
1261
2147
2921
2972
5562
664
5239
8508
8663
9010
2386
3342
4946
9
4034
8346
1237
2412
311
680
325
5151
5748
7043
8531
9058
9117
4858
6185
4798
5806
3799
2809
3202
3492
1431
2010
4719
5712
6308
6771
7487
1539
2181
4177
5612
6920
2829
4372
3107
3267
3615
6057
6361
6811
6853
1128
58
4569
5296
5410
5641
5943
6820
6987
2629
4478
547
3328
6536
7624
1055
3959
811
1934
2155
2858
3257
468
364
3141
3532
3986
4730
5204
5699
6241
6806
6929
7331
2989
6404
6936
7145
7503
179
6174
675
7294
2541
6770
6902
7209
4269
4664
1956
2733
5140
5163
7041
1350
2966
3736
3290
2359
2524
2662
2816
3260
4197
1629
3809
1317
3761
3800
5319
5511
5078
2131
5937
6401
39
3332
1285
5311
6037
6195
6297
634
4697
5854
4600
6258
2061
3518
745
5029
1054
1289
4418
4640
4846
6301
861
3760
4936
736
3239
6080
1371
1448
370
1651
1992
2816
6053
6187
379
2629
3816
4761
2514
3631
3940
4374
6399
2117
265
1048
646
3010
187
2215
6076
3107
2299
1433
3104
3565
907
996
1620
1956
5217
5897
6243
1120
2400
2853
576
4037
1517
3555
4898
1657
1776
3116
3308
3655
3999
2235
815
1598
21
241
930
15
325
452
650
1061
2041
434
3932
320
2040
22
3455
2630
3266
335
1253
2935
3585
5020
1419
1980
1059
15
934
4525
5273
5427
1599
2064
2704
2313
263
4288
4840
1259
1806
2775
497
767
1839
10
3506
4251
1499
3579
4408
4565
5068
4751
4814
5416
3492
4962
4477
473
3015
3463
2002
2471
1329
1532
1613
1946
274
825
3651
150
2134
2227
2349
2435
2491
2614
3994
106
31
1210
1270
1434
3997
117
4250
1035
1832
65
1778
2990
3955
4393
4679
172
323
744
9
1539
1854
1916
3449
3737
4556
4674
1437
17
172
18
2637
3576
3976
4784
490
1374
323
3991
1419
1790
2222
3126
162
1640
1952
1384
901
33
2295
2574
448
617
1683
1031
2613
3219
1565
1925
3862
279
1330
3253
3288
3548
5036
2136
2479
2933
3384
680
1216
3332
215
3628
713
3483
611
1844
2021
2404
2473
2831
3297
4456
952
239
1669
1849
3442
58
764
1747
2732
3326
2646
3583
2329
1431
233
854
2124
1744
1346
1623
633
1204
334
57
46
1324
1873
2627
2898
1579
3026
840
337
2545
1541
2013
2705
3136
43
168
1764
2844
447
255
695
988
2456
284
2944
1376
680
1225
13
321
708
235
881
1199
1550
1907
289
272
130
1929
2612
118
816
1908
2056
479
956
396
479
878
451
861
1234
1805
1157
1082
1514
1670
1754
1868
55
224
1189
1995
650
192
805
150
1170
1390
379
308
1329
1732
1998
676
316
70
779
2215
306
798
7
1819
608
841
1418
817
87
1394
751
740
2122
670
70
304
1467
1669
272
315
153
1124
360
1884
22
389
738
617
1079
440
647
736
1184
202
558
100
197
79
1193
127
1008
1262
135
1429
599
198
80
213
107
142
1248
255
452
265
601
29
117
1188
1254
745
566
69
850
153
195
138
857
1261
81
311
542
677
151
24
155
16
284
205
686
1074
211
834
62
339
231
323
43
